平均热功率12个月 	
    0.4948			
    0.5618
    0.6118
    0.6451
    0.6567
    0.6588
    0.6564
    0.6431
    0.6087
    0.5541
    0.4895
    0.4555


	ncos
0.697305084140896
0.721833864494814
0.747350574196219
0.770913964754012
0.784798395899653
0.789324923694715
0.784645355358055
0.769971321468326
0.746033410444365
0.718683447398997
0.695248764975007
0.686878487990418
	ntr
0.926222222222222
0.926888888888889
0.915888888888889
0.904444444444444
0.890666666666667
0.884666666666667
0.890555555555556
0.903777777777778
0.914888888888889
0.925111111111111
0.927777777777778
0.925555555555556
	nsb
0.975300000000003
0.986199999999998
0.994500000000006
0.994899999999988
0.994899999999988
0.994899999999988
0.994899999999988
0.994899999999988
0.994599999999994
0.987000000000009
0.974400000000002
0.957299999999989
	nat
全为0.9827
	n(平均光学效率)
0.569503653774113
0.596554587089518
0.615449201677931
0.627173213486753
0.628742762541813
0.628109226946441
0.628541733136136
0.625944606172075
0.613755430540844
0.593292631317039
0.568252990182819
0.550238188009139